name,cid
11428,11428
78925,78925
17756,17756
8016,8016
111509,111509
7358,7358
11429,11429
14493,14493
12239,12239
10448,10448
11232,11232
11508,11508
7745,7745
24250,24250
2724189,2724189
8148,8148
8902,8902
19463,19463
7616,7616
7767,7767
2915,2915
62358,62358
11723,11723
31370,31370
8769,8769
259994,259994
439846,439846
11429,11429
10560,10560
31344,31344
169019,169019
220010,220010
439352,439352
80080,80080
2723888,2723888
445969,445969
18302,18302
175854,175854
45051688,45051688
11240,11240
20928,20928
5364919,5364919
5356796,5356796
5364448,5364448
62204,62204
5326159,5326159
5326160,5326160
5364920,5364920
45051688,45051688
6587,6587
11241,11241
6562,6562
7853,7853
12051,12051
7767,7767
2915,2915
8114,8114
5942,5942
11718,11718
11660,11660
6502,6502
5324279,5324279
11261,11261
521348,521348
65413,65413
638066,638066
225936,225936
522071,522071
11182,11182
98781,98781
5284503,5284503
19919,19919
65564,65564
19754,19754
16656,16656
10925,10925
13855,13855
15286,15286
14072,14072
12347,12347
18175,18175
78484,78484
80408,80408
7777,7777
13534,13534
11863,11863
12339,12339
8075,8075
7821,7821
520682,520682
25799,25799
77151,77151
11675,11675
25975,25975
104775,104775
12338,12338
9664,9664
35349,35349
399848,399848
111843,111843
20946,20946
32033,32033
51806,51806
11412,11412
77151,77151
637929,637929
643785,643785
19966,19966
8126,8126
6433417,6433417
11244,11244
69963,69963
146586,146586
639661,639661
11255,11255
446973,446973
643789,643789
10887828,10887828
6432654,6432654
32196,32196
12417,12417
13181,13181
8132,8132
88211,88211
7287,7287
91563,91563
6430713,6430713
11203,11203
13558,13558
5324282,5324282
65290,65290
91435,91435
79049,79049
21122,21122
5318017,5318017
11601,11601
10993,10993
643935,643935
439791,439791
18186137,18186137
73422990,73422990
8472,8472
20858,20858
11675,11675
16662,16662
12672,12672
65564,65564
9773,9773
78344,78344
7973,7973
12368,12368
77129,77129
78344,78344
96125,96125
8056,8056
12347,12347
69632,69632
7977,7977
8140,8140
8100,8100
66929,66929
71601,71601
13556,13556
35364,35364
10568,10568
78373,78373
14480,14480
68409,68409
6401,6401
12353,12353
11733,11733
19846,19846
7818,7818
8074,8074
12956,12956
20274,20274
24227,24227
15457,15457
12355,12355
9998,9998
12380,12380
10556,10556
12291,12291
11243,11243
7286,7286
21618,21618
69952,69952
10892,10892
20858,20858
12742,12742
11533,11533
13007,13007
19754,19754
61632,61632
188318,188318
11523,11523
27596,27596
12386,12386
520409,520409
11246,11246
17148,17148
17149,17149
19754,19754
12339,12339
12338,12338
78484,78484
11182,11182
69412,69412
12339,12339
77289,77289
6430713,6430713
20858,20858
12250,12250
111843,111843
12355,12355
522459,522459
78373,78373
8100,8100
12368,12368
8056,8056
66929,66929
10796,10796
15820984,15820984
4378561,4378561
21249654,21249654
18668094,18668094
2723922,2723922
7901,7901
14454,14454
25006,25006
78344,78344
7851,7851
13837,13837
13363,13363
12245,12245
522769,522769
7719,7719
93573,93573
74819,74819
11202,11202
104807,104807
19919,19919
94294,94294
18430,18430
75613,75613
12361,12361
25798,25798
25799,25799
16032,16032
8072,8072
19919,19919
13589,13589
7994,7994
25975,25975
78361,78361
69021,69021
18150,18150
8075,8075
31255,31255
12225,12225
7821,7821
17352,17352
12225,12225
94292,94292
102515,102515
16565,16565
11264,11264
85862,85862
68410,68410
10887828,10887828
83632,83632
14072,14072
22468,22468
11536,11536
12961,12961
6502,6502
65564,65564
12417,12417
16656,16656
13855,13855
68424,68424
12514,12514
18175,18175
11250,11250
11255,11255
110968,110968
25799,25799
286,286
31255,31255
8075,8075
7821,7821
13589,13589
25798,25798
16032,16032
8072,8072
7901,7901
12361,12361
25975,25975
9773,9773
25006,25006
78344,78344
7851,7851
13837,13837
13363,13363
12245,12245
522769,522769
7719,7719
93573,93573
74819,74819
11202,11202
104807,104807
19919,19919
94294,94294
18430,18430
75613,75613
12361,12361
25798,25798
25799,25799
16032,16032
8072,8072
19919,19919
13589,13589
7994,7994
25975,25975
78361,78361
69021,69021
18150,18150
8075,8075
31255,31255
12225,12225
7821,7821
17352,17352
12225,12225
94292,94292
102515,102515
16565,16565
11264,11264
85862,85862
68410,68410
10887828,10887828
83632,83632
14072,14072
22468,22468
11536,11536
12961,12961
6502,6502
65564,65564
12417,12417
16656,16656
13855,13855
68424,68424
79081,79081
16375,16375
12489,12489
9262,9262
79341,79341
82140,82140
69020,69020
81265,81265
67519,67519
16658,16658
185226,185226
97428,97428
8017,8017
10901,10901
11432,11432
20449,20449
123570,123570
74116,74116
8109,8109
8107,8107
80972,80972
16551,16551
80516,80516
12371,12371
12527,12527
94335,94335
79126,79126
12202,12202
90012,90012
17185,17185
79046,79046
20275,20275
10418,10418
15036,15036
15050,15050
6495,6495
80290,80290
8728,8728
70252,70252
123114,123114
9233,9233
73714,73714
14262,14262
76688,76688
12343,12343
85247,85247
76113,76113
69808,69808
12426,12426
67803,67803
15771,15771
69005,69005
76692,76692
74852,74852
80145,80145
8503,8503
12128,12128
61179,61179
9793737,9793737
12308,12308
66773,66773
12314,12314
12337,12337
11603,11603
11166,11166
6362,6362
11206,11206
10924,10924
12302,12302
2724290,2724290
65066,65066
9890,9890
123129,123129
139711,139711
30220,30220
87370,87370
12619,12619
11603,11603
68042,68042
137127,137127
101594,101594
13596,13596
521941,521941
101594,101594
6327628,6327628
6329250,6329250
6328106,6328106
61244,61244
68337,68337
70434,70434
75361,75361
68983,68983
521157,521157
139377,139377
351065,351065
9746,9746
67794,67794
609492,609492
221126,221126
76430,76430
18452,18452
69368,69368
7299,7299
2773261,2773261
74404,74404
69605,69605
344373,344373
117476,117476
69663,69663
18922,18922
74208,74208
74859,74859
11274989,11274989
78747,78747
230373,230373
77195,77195
70704,70704
67515,67515
67164,67164
157660071,157660071
25244088,25244088
160693,160693
136187,136187
12129,12129
74442,74442
10420,10420
123483,123483
221387,221387
137909,137909
89119,89119
101941,101941
117690,117690
69365,69365
2734074,2734074
78302,78302
123098,123098
77628,77628
78485,78485
11320964,11320964
170873,170873
559387,559387
76872,76872
33646,33646
9023,9023
3083954,3083954
72935,72935
498446,498446
351064,351064
11344169,11344169
269920,269920
77877,77877
139809,139809
87492,87492
69639,69639
305896,305896
79147,79147
79890,79890
45051889,45051889
22053,22053
20024,20024
522765,522765
81782,81782
62702,62702
11655,11655
75300,75300
94964,94964
5366239,5366239
252359,252359
15656,15656
5365904,5365904
5364387,5364387
5460161,5460161
5460161,5460161
637572,637572
637525,637525
148793,148793
638102,638102
638098,638098
6999002,6999002
12365893,12365893
6999919,6999919
643776,643776
5364628,5364628
6328186,6328186
6335187,6335187
68173,68173
6328051,6328051
6328620,6328620
16683036,16683036
16683070,16683070
16211297,16211297
19726,19726
86588470,86588470
69366,69366
70712,70712
75562,75562
68536,68536
78110,78110
14015,14015
11644,11644
12521357,12521357
61666,61666
4293993,4293993
3427831,3427831
644041,644041
76212,76212
137636,137636
81503,81503
521297,521297
10978,10978
22254185,22254185
357594,357594
350667,350667
85756,85756
17381,17381
138050,138050
150783,150783
79136,79136
207363,207363
519310,519310
78937,78937
139376,139376
190319,190319
5046330,5046330
98346,98346
101671,101671
29656,29656
48038,48038
75408,75408
102504,102504
138397,138397
355841,355841
11665,11665
110788,110788
13607,13607
521020,521020
10986200,10986200
24232,24232
97502,97502
573283,573283
83131,83131
83358,83358
6993810,6993810
9548680,9548680
102661,102661
136498,136498
143049,143049
67162,67162
91415,91415
108574,108574
547370,547370
67517,67517
12513,12513
24622,24622
67510,67510
75478,75478
81671,81671
117787,117787
565560,565560
641045,641045
2733289,2733289
83226,83226
6429536,6429536
66086,66086
73951,73951
76673,76673
91202,91202
249017,249017
6427121,6427121
19951,19951
140854,140854
18053,18053
521280,521280
522085,522085
6999786,6999786
78087,78087
6950248,6950248
114858,114858
214264,214264
166921,166921
65136,65136
80245,80245
136706,136706
548463,548463
6999724,6999724
78683,78683
5366234,5366234
15619,15619
197870,197870
200674,200674
642661,642661
6484,6484
40555,40555
524600,524600
88703,88703
5364400,5364400
12706,12706
74636,74636
78206,78206
520943,520943
6994332,6994332
12362,12362
641773,641773
134652,134652
137078,137078
134838,134838
23272,23272
5179950,5179950
5325481,5325481
6999938,6999938
82457,82457
22064,22064
140124,140124
70190,70190
70940,70940
90803,90803
80386,80386
118609,118609
119521,119521
2774270,2774270
197760,197760
13131,13131
30210,30210
5357249,5357249
9768,9768
3036388,3036388
47955,47955
519375,519375
110919,110919
139723,139723
285,285
16226,16226
18312,18312
14020,14020
79379,79379
637757,637757
642322,642322
10374415,10374415
18393,18393
78708,78708
81653,81653
86932,86932
21460,21460
5364850,5364850
5463339,5463339
14249191,14249191
525453,525453
525370,525370
5360664,5360664
6398419,6398419
18314,18314
146884,146884
119403,119403
74970,74970
80053,80053
141483,141483
5364930,5364930
5366861,5366861
108022,108022
529379,529379
204174,204174
33993,33993
61104,61104
70440,70440
5326156,5326156
15301,15301
11600,11600
5460179,5460179
5364850,5364850
120279,120279
4996382,4996382
16629,16629
3870744,3870744
524600,524600
641045,641045
6950248,6950248
641237,641237
637969,637969
22465,22465
70201,70201
66086,66086
70201,70201
67510,67510
9235,9235
67162,67162
92367,92367
164700,164700
78206,78206
2733289,2733289
147580,147580
522583,522583
67517,67517
547370,547370
123203,123203
520711,520711
84466,84466
24622,24622
74636,74636
573283,573283
13131,13131
151479,151479
78090,78090
5364149,5364149
3345103,3345103
10897,10897
642193,642193
642169,642169
11621,11621
168434,168434
96273,96273
6950199,6950199
14865845,14865845
69814,69814
6991979,6991979
59911029,59911029
6950200,6950200
6992421,6992421
2733227,2733227
421842,421842
410615,410615
6999702,6999702
12231239,12231239
222661,222661
2782053,2782053
4474585,4474585
11637,11637
16755639,16755639
3692773,3692773
18706033,18706033
444693,444693
5249138,5249138
26688,26688
74652589,74652589
20651,20651
20717,20717
17863,17863
6999046,6999046
641044,641044
17021,17021
519304,519304
102915,102915
43369,43369
559537,559537
2795198,2795198
548032,548032
13012440,13012440
643048,643048
34690,34690
137202,137202
118419,118419
96273,96273
5365240,5365240
142813,142813
138258,138258
232578,232578
92252,92252
2775189,2775189
5352690,5352690
2733589,2733589
45789860,45789860
522263,522263
11356200,11356200
136710,136710
4736391,4736391
3028223,3028223
10909507,10909507
11713,11713
547873,547873
521140,521140
137701,137701
641044,641044
6999046,6999046
5367499,5367499
641044,641044
6999046,6999046
5367499,5367499
641044,641044
6999046,6999046
69835,69835
18199,18199
84227,84227
522597,522597
2734054,2734054
13218084,13218084
61929,61929
69218,69218
92818,92818
102454,102454
137856,137856
554365,554365
68035,68035
28961,28961
31300,31300
69022,69022
87130,87130
108610,108610
138570,138570
265654,265654
559366,559366
12211273,12211273
90498,90498
295978,295978
12644026,12644026
102832,102832
179349,179349
542686,542686
2733418,2733418
3055170,3055170
6993464,6993464
46318349,46318349
13463446,13463446
20669,20669
136489,136489
6451464,6451464
92137,92137
5325485,5325485
101882,101882
9567750,9567750
12545136,12545136
19820467,19820467
80260,80260
136129,136129
141675,141675
263077,263077
282741,282741
317680,317680
12998568,12998568
14454757,14454757
11652,11652
38328,38328
74213,74213
136833,136833
11253,11253
138930,138930
542763,542763
9577004,9577004
15687700,15687700
93058,93058
15752574,15752574
141161,141161
10878409,10878409
11483316,11483316
16212162,16212162
68181,68181
98735,98735
521913,521913
34178635,34178635
140404,140404
76396,76396
79060,79060
150876,150876
641811,641811
2733353,2733353
6420096,6420096
136358,136358
151861,151861
418247,418247
2723902,2723902
2780866,2780866
3017760,3017760
10987172,10987172
10986449,10986449
15110479,15110479
67347,67347
12203661,12203661
13398828,13398828
35602,35602
102921,102921
123421,123421
123480,123480
314284,314284
2723974,2723974
15621627,15621627
14040,14040
72885,72885
78539,78539
78985,78985
6451463,6451463
12484479,12484479
18356484,18356484
18223,18223
77304,77304
137238,137238
140876,140876
3032483,3032483
12544552,12544552
13111845,13111845
283379,283379
6427444,6427444
76396,76396
519219,519219
167574,167574
53976399,53976399
69937,69937
79084,79084
548390,548390
10441885,10441885
11041028,11041028
12482116,12482116
12442631,12442631
12261,12261
138168,138168
12203661,12203661
5365949,5365949
73904,73904
77142,77142
84150,84150
155072,155072
92738,92738
78969,78969
138188,138188
3481477,3481477
32759,32759
138559,138559
165347,165347
3080609,3080609
13709961,13709961
11708047,11708047
13299938,13299938
22495069,22495069
137751,137751
141464,141464
146413,146413
123122,123122
138389,138389
79115,79115
349252,349252
450349,450349
2724851,2724851
12196067,12196067
141934,141934
2734132,2734132
100435,100435
111091,111091
134414,134414
140172,140172
149201,149201
203244,203244
4461877,4461877
10953554,10953554
129655464,129655464
136444,136444
136781,136781
140408,140408
294551,294551
11848709,11848709
24653,24653
118742,118742
136445,136445
12216213,12216213
16637058,16637058
12669,12669
136711,136711
138673,138673
139776,139776
544812,544812
12583653,12583653
12916881,12916881
23681129,23681129
10003,10003
121148,121148
139664,139664
255279,255279
305835,305835
520960,520960
543860,543860
4147387,4147387
6369390,6369390
11815823,11815823
12265499,12265499
16212395,16212395
18324766,18324766
73704,73704
107143,107143
136167,136167
137540,137540
520225,520225
11217598,11217598
2997,2997
118742,118742
255279,255279
305835,305835
11848709,11848709
24653,24653
136445,136445
12216213,12216213
12669,12669
136711,136711
139776,139776
544812,544812
12583653,12583653
12916881,12916881
10003,10003
121148,121148
139664,139664
255279,255279
305835,305835
520960,520960
543860,543860
4147387,4147387
6369390,6369390
11815823,11815823
12265499,12265499
16212395,16212395
18324766,18324766
73704,73704
107143,107143
136167,136167
137540,137540
520225,520225
11217598,11217598
2997,2997
118742,118742
255279,255279
305835,305835
11848709,11848709
24653,24653
136445,136445
138673,138673
139776,139776
544812,544812
29398,29398
95770,95770
120511,120511
139101,139101
6994471,6994471
10866248,10866248
16682934,16682934
2769366,2769366
6521662,6521662
12197850,12197850
29837,29837
30486,30486
111033,111033
11275417,11275417
12053198,12053198
16212984,16212984
101838,101838
138168,138168
2778993,2778993
11051569,11051569
21863291,21863291
38756,38756
262834,262834
520554,520554
12591132,12591132
16213391,16213391
24200453,24200453
18176,18176
416793,416793
520929,520929
89580,89580
152925,152925
2723765,2723765
2723992,2723992
6992799,6992799
10057460,10057460
9624,9624
9855,9855
12014,12014
137718,137718
137814,137814
137969,137969
156360,156360
518713,518713
13283755,13283755
136586,136586
142407,142407
519125,519125
2724689,2724689
93290,93290
542706,542706
102873,102873
3036568,3036568
12400791,12400791
107853,107853
123336,123336
140571,140571
146418,146418
148537,148537
164736,164736
517695,517695
6999961,6999961
11822226,11822226
13014036,13014036
123083,123083
136338,136338
6994293,6994293
7855622,7855622
9543329,9543329
10986198,10986198
13586013,13586013
36306,36306
92648,92648
638076,638076
13620130,13620130
521270,521270
638145,638145
6912034,6912034
12776646,12776646
86041,86041
300673,300673
525332,525332
14064,14064
98429,98429
101983,101983
112914,112914
520839,520839
3083566,3083566
6999953,6999953
11848710,11848710
141910,141910
450656,450656
566284,566284
30116,30116
70678,70678
123120,123120
136196,136196
141167,141167
2724149,2724149
6428769,6428769
58223256,58223256
61169,61169
138582,138582
141085,141085
15244547,15244547
35945,35945
75856,75856
120182,120182
444234,444234
10129958,10129958
11007810,11007810
13001281,13001281
225161,225161
3013878,3013878
16213367,16213367
103411,103411
150638,150638
283992,283992
521190,521190
12642,12642
13834,13834
39655,39655
67711,67711
95367,95367
142727,142727
520245,520245
525357,525357
5222844,5222844
5463203,5463203
10898643,10898643
519946,519946
3843063,3843063
51758,51758
140443,140443
331837,331837
519451,519451
5462744,5462744
13459596,13459596
16212250,16212250
37987,37987
51438,51438
88062,88062
92758,92758
136266,136266
138904,138904
303710,303710
446628,446628
4133797,4133797
5289426,5289426
522007,522007
20567,20567
136260,136260
329397,329397
534251,534251
10931411,10931411
137539,137539
52161,52161
5352665,5352665
6110173,6110173
7567603,7567603
10975459,10975459
13417437,13417437
10043,10043
139920,139920
555733,555733
12447898,12447898
136860,136860
289818,289818
525712,525712
5463237,5463237
12203065,12203065
12845800,12845800
21572609,21572609
138264,138264
137181,137181
555261,555261
9571063,9571063
10942375,10942375
30315,30315
67167,67167
141167,141167
12213346,12213346
11602,11602
447638,447638
7311729,7311729
17440,17440
41044,41044
10176114,10176114
77247,77247
101908,101908
136329,136329
137199,137199
143885,143885
144799,144799
3036308,3036308
6371571,6371571
51758,51758
140443,140443
331837,331837
519451,519451
5462744,5462744
13459596,13459596
16212250,16212250
37987,37987
51438,51438
88062,88062
92758,92758
136266,136266
138904,138904
303710,303710
446628,446628
4133797,4133797
5289426,5289426
11263466,11263466
522007,522007
20567,20567
136260,136260
329397,329397
534251,534251
10931411,10931411
137539,137539
52161,52161
5352665,5352665
6110173,6110173
7567603,7567603
10975459,10975459
13417437,13417437
10043,10043
139920,139920
555733,555733
12447898,12447898
136860,136860
289818,289818
525712,525712
5463237,5463237
12203065,12203065
12845800,12845800
21572609,21572609
138264,138264
137181,137181
555261,555261
9571063,9571063
10942375,10942375
30315,30315
67167,67167
141167,141167
12213346,12213346
11602,11602
447638,447638
7311729,7311729
17440,17440
41044,41044
10176114,10176114
77247,77247
101908,101908
136329,136329
137199,137199
143885,143885
144799,144799
3036308,3036308
6371571,6371571
51758,51758
140443,140443
331837,331837
519451,519451
5462744,5462744
13459596,13459596
16212250,16212250
37987,37987
51438,51438
88062,88062
92758,92758
136266,136266
138904,138904
303710,303710
446628,446628
4133797,4133797
5289426,5289426
11263466,11263466
522007,522007
20567,20567
136260,136260
329397,329397
534251,534251
10931411,10931411
137539,137539
52161,52161
5352665,5352665
6110173,6110173
7567603,7567603
10975459,10975459
13417437,13417437
10043,10043
139920,139920
555733,555733
12447898,12447898
136860,136860
5463064,5463064
5367912,5367912
6445110,6445110
5463053,5463053
643770,643770
5352691,5352691
20371837,20371837
519416,519416
140864,140864
535475,535475
595492,595492
12916333,12916333
5324472,5324472
1248527,1248527
6432505,6432505
13278455,13278455
14117409,14117409
18609630,18609630
22327742,22327742
10887827,10887827
10678185,10678185
641612,641612
81083,81083
11789185,11789185
110861,110861
547431,547431
523768,523768
6999993,6999993
23234144,23234144
20475939,20475939
5354577,5354577
12490717,12490717
13357711,13357711
11599,11599
536236,536236
20371837,20371837
6992590,6992590
85702346,85702346
14468798,14468798
12585767,12585767
15264021,15264021
21516147,21516147
91750142,91750142
536236,536236
528712,528712
11701031,11701031
519590,519590
3649141,3649141
11041090,11041090
527581,527581
11030827,11030827
139124,139124
245296,245296
4117363,4117363
15606284,15606284
12205476,12205476
520441,520441
139749,139749
2733421,2733421
137051,137051
10920484,10920484
50918015,50918015
11389380,11389380
16213572,16213572
54048623,54048623
18960304,18960304
2758304,2758304
16213229,16213229
16212933,16212933
12213347,12213347
11019830,11019830
253116,253116
13117012,13117012
137243,137243
185467,185467
15245,15245
159718,159718
64246,64246
156731,156731
93658,93658
20344599,20344599
137286,137286
15606284,15606284
137242,137242
10023,10023
11019830,11019830
15721050,15721050
122981,122981
143172,143172
42952,42952
565982,565982
143356,143356
521495,521495
11717,11717
11412368,11412368
11230705,11230705
74454,74454
74171,74171
21114275,21114275
138772,138772
81048,81048
3034041,3034041
13162057,13162057
11412368,11412368
21114275,21114275
23055690,23055690
1519487,1519487
5461042,5461042
12203051,12203051
124081846,124081846
424449,424449
12278547,12278547
22265630,22265630
17852300,17852300
520441,520441
137242,137242
10023,10023
54048623,54048623
15245,15245
521495,521495
143356,143356
565982,565982
139749,139749
11019830,11019830
64246,64246
185467,185467
535531,535531
10942465,10942465
17787411,17787411
3060541,3060541
118605,118605
98668,98668
231545,231545
641100,641100
6999800,6999800
640990,640990
14325610,14325610
12452734,12452734
12809147,12809147
139176,139176
12651695,12651695
103721,103721
11457670,11457670
73985,73985
13956031,13956031
22274759,22274759
89517,89517
253878,253878
10887879,10887879
11953772,11953772
239819,239819
102752,102752
14499052,14499052
146169,146169
151411,151411
22722792,22722792
11400802,11400802
12359283,12359283
80643,80643
21596552,21596552
12018275,12018275
14765037,14765037
28497,28497
306197,306197
221050,221050
231971,231971
12462547,12462547
78082,78082
74552,74552
13070295,13070295
90727,90727
138332,138332
14074429,14074429
119693,119693
10154017,10154017
94811,94811
16211104,16211104
299004,299004
14325607,14325607
118605,118605
11412368,11412368
17864,17864
643510,643510
75602,75602
13924200,13924200
412910,412910
28497,28497
221050,221050
78082,78082
21188,21188
13070295,13070295
121403,121403
14074429,14074429
16211104,16211104
299004,299004
16211104,16211104
14074429,14074429
14325607,14325607
11412368,11412368
12018275,12018275
138332,138332
80643,80643
306197,306197
231971,231971
221050,221050
536521,536521
89960,89960
11412368,11412368
14325607,14325607
118605,118605
299004,299004
16211104,16211104
12018275,12018275
16217392,16217392
542167,542167
246748,246748
519463,519463
520405,520405
155529,155529
12295187,12295187
20234581,20234581
142259,142259
118605,118605
98668,98668
14076,14076
23061577,23061577
231545,231545
3016998,3016998
235121,235121
84629,84629
544701,544701
66984,66984
103003,103003
16217392,16217392
142259,142259
544701,544701
14076,14076
23061577,23061577
231545,231545
3016998,3016998
139176,139176
12809147,12809147
12452734,12452734
12651695,12651695
103721,103721
14325610,14325610
50918015,50918015
3649141,3649141
11041090,11041090
12264474,12264474
39661,39661
17852300,17852300
17852300,17852300
3649141,3649141
11041090,11041090
73985,73985
22274759,22274759
139629,139629
142072,142072
320782,320782
544898,544898
548266,548266
3799013,3799013
6950523,6950523
11970569,11970569
53422469,53422469
90802,90802
638057,638057
10964414,10964414
12695786,12695786
14292221,14292221
61553086,61553086
522490,522490
11446563,11446563
12695786,12695786
16876,16876
68966,68966
123150,123150
135961,135961
138635,138635
526908,526908
12388012,12388012
13202589,13202589
13410810,13410810
16685262,16685262
9666,9666
136580,136580
136667,136667
169191,169191
522479,522479
545725,545725
12198348,12198348
12205426,12205426
13399521,13399521
19871501,19871501
69112501,69112501
82554,82554
137427,137427
11378473,11378473
88320434,88320434
114789,114789
142318,142318
173965,173965
198422,198422
518733,518733
13608208,13608208
37545,37545
67986,67986
534258,534258
4339626,4339626
10094875,10094875
11084032,11084032
11788384,11788384
12544003,12544003
12545907,12545907
19031167,19031167
89209,89209
124777,124777
244139,244139
265465,265465
522391,522391
11434908,11434908
11593431,11593431
12494225,12494225
12839819,12839819
12999325,12999325
16217400,16217400
28750,28750
138762,138762
2785244,2785244
11182829,11182829
11355449,11355449
12443366,12443366
12642406,12642406
22065,22065
154875,154875
533963,533963
554424,554424
3041170,3041170
3043701,3043701
10419213,10419213
71309225,71309225
85987475,85987475
23169,23169
27126,27126
80156,80156
185794,185794
13592249,13592249
18411593,18411593
24873,24873
137655,137655
141472,141472
2733171,2733171
9543006,9543006
16212689,16212689
11200,11200
25030,25030
77766,77766
130115,130115
136271,136271
143777,143777
6994099,6994099
10192575,10192575
12238841,12238841
12598453,12598453
13351704,13351704
15928,15928
70458,70458
160585,160585
517955,517955
536115,536115
12591919,12591919
13795010,13795010
37521,37521
108509,108509
142350,142350
182429,182429
214693,214693
4526530,4526530
5326208,5326208
12519722,12519722
12868124,12868124
53255492,53255492
53308482,53308482
53960729,53960729
127889,127889
136336,136336
138771,138771
141276,141276
266330,266330
415736,415736
11062295,11062295
75397,75397
100232,100232
101853,101853
145727,145727
220061,220061
6393046,6393046
13551187,13551187
18377217,18377217
20335,20335
26607,26607
138836,138836
192806,192806
519476,519476
5362882,5362882
11040763,11040763
11344401,11344401
12201670,12201670
15109863,15109863
16212467,16212467
23717929,23717929
18595,18595
70608,70608
92975,92975
139012,139012
521081,521081
4347855,4347855
12207122,12207122
44153272,44153272
139572,139572
3034172,3034172
6436531,6436531
12306170,12306170
16213398,16213398
16213514,16213514
18364514,18364514
25504,25504
93174,93174
130114,130114
138633,138633
138749,138749
141084,141084
161792,161792
167094,167094
202285,202285
6999829,6999829
12205413,12205413
9761,9761
140534,140534
207362,207362
261273,261273
303692,303692
6441134,6441134
10866748,10866748
11126193,11126193
15179916,15179916
16212326,16212326
18672803,18672803
62317,62317
3490527,3490527
12218980,12218980
12545904,12545904
12555717,12555717
13662072,13662072
15920061,15920061
12692,12692
31933,31933
67776,67776
95733,95733
138918,138918
141115,141115
231273,231273
243553,243553
414658,414658
6450296,6450296
13225458,13225458
138118,138118
520120,520120
22631853,22631853
41341,41341
136587,136587
139366,139366
521122,521122
560639,560639
5378690,5378690
12227859,12227859
13778902,13778902
13848706,13848706
14243801,14243801
15648868,15648868
71310291,71310291
29825,29825
33163,33163
84729,84729
136480,136480
140437,140437
153366,153366
164927,164927
168453,168453
543791,543791
604026,604026
3451969,3451969
4346364,4346364
6433386,6433386
6438055,6438055
10932511,10932511
10954145,10954145
12201032,12201032
12280563,12280563
12717520,12717520
13391221,13391221
16213352,16213352
21259525,21259525
53749742,53749742
53145,53145
118747,118747
138595,138595
141461,141461
474214,474214
3035689,3035689
3563366,3563366
67891,67891
137111,137111
523771,523771
523766,523766
6427834,6427834
93053,93053
107196,107196
141449,141449
173840,173840
644096,644096
4713209,4713209
24427,24427
521169,521169
138815,138815
146722,146722
16508,16508
474193,474193
554455,554455
12201038,12201038
12302090,12302090
14818260,14818260
15921793,15921793
20234353,20234353
252360,252360
10154002,10154002
12216724,12216724
18967886,18967886
79109,79109
521329,521329
6932080,6932080
11851334,11851334
12198210,12198210
44309478,44309478
54441300,54441300
47475,47475
104113,104113
9543055,9543055
10464296,10464296
10486941,10486941
23068,23068
135081,135081
137952,137952
253154,253154
522287,522287
579992,579992
637146,637146
5364230,5364230
6432551,6432551
33035,33035
418029,418029
3703445,3703445
12324394,12324394
19348483,19348483
139963,139963
214453,214453
444229,444229
9576980,9576980
12567238,12567238
519161,519161
638046,638046
12477205,12477205
12571890,12571890
545578,545578
12592183,12592183
12637085,12637085
11829371,11829371
23233664,23233664
6989207,6989207
7568485,7568485
12545916,12545916
12475337,12475337
22810194,22810194
5463474,5463474
6438052,6438052
6385313,6385313
6433519,6433519
81329,81329
142209,142209
140412,140412
16770553,16770553
148538,148538
643596,643596
643595,643595
3084262,3084262
6455118,6455118
29385,29385
14246,14246
104755,104755
12697736,12697736
16204960,16204960
137803,137803
145610,145610
168921,168921
12567238,12567238
12477205,12477205
5365214,5365214
16205822,16205822
19353580,19353580
77312,77312
136261,136261
142267,142267
165346,165346
2734184,2734184
5962214,5962214
11320910,11320910
13610083,13610083
85373405,85373405
22722099,22722099
112419,112419
167576,167576
168228,168228
199689,199689
203611,203611
549554,549554
5462879,5462879
12477205,12477205
12497375,12497375
521812,521812
136865,136865
146525,146525
12577074,12577074
18213,18213
22810192,22810192
6433179,6433179
6428523,6428523
529757,529757
524799,524799
524800,524800
15093552,15093552
5364390,5364390
106180,106180
12586450,12586450
524002,524002
13800371,13800371
12541128,12541128
12705708,12705708
13126536,13126536
79005,79005
5364208,5364208
643138,643138
13780737,13780737
4214230,4214230
3050118,3050118
23233663,23233663
20503740,20503740
643940,643940
22602661,22602661
2724577,2724577
20461368,20461368
59079452,59079452
10898635,10898635
90659507,90659507
567393,567393
10197612,10197612
9547954,9547954
552085,552085
5367527,5367527
10942394,10942394
19883177,19883177
6914580,6914580
10011839,10011839
154590,154590
66617091,66617091
525500,525500
3083800,3083800
525390,525390
525503,525503
81827,81827
528855,528855
214813,214813
13273093,13273093
21993411,21993411
22242641,22242641
23069326,23069326
5248724,5248724
15194654,15194654
641523,641523
445391,445391
201326,201326
13780737,13780737
75159,75159
16685041,16685041
21947001,21947001
4214230,4214230
10877229,10877229
518729,518729
15354425,15354425
6333884,6333884
14874589,14874589
15109870,15109870
18546772,18546772
145718,145718
576109,576109
5461136,5461136
13427979,13427979
12564154,12564154
57171030,57171030
6999759,6999759
20221924,20221924
75169,75169
5072427,5072427
24399,24399
6008696,6008696
18405544,18405544
173100,173100
534107,534107
3260420,3260420
172143,172143
14337718,14337718
2724577,2724577
14642708,14642708
59079452,59079452
13780737,13780737
22602661,22602661
10898635,10898635
567393,567393
15354425,15354425
6333884,6333884
14874589,14874589
15109870,15109870
18546772,18546772
145718,145718
576109,576109
5461136,5461136
13427979,13427979
12564154,12564154
57171030,57171030
6999759,6999759
20221924,20221924
75169,75169
5072427,5072427
24399,24399
6008696,6008696
18405544,18405544
173100,173100
534107,534107
3260420,3260420
172143,172143
59079452,59079452
10898635,10898635
90659507,90659507
567393,567393
10197612,10197612
9547954,9547954
552085,552085
5367527,5367527
10942394,10942394
19883177,19883177
6914580,6914580
10011839,10011839
154590,154590
66617091,66617091
525500,525500
3083800,3083800
525390,525390
525503,525503
81827,81827
528855,528855
214813,214813
13273093,13273093
21993411,21993411
22242641,22242641
23069326,23069326
5248724,5248724
15194654,15194654
641523,641523
445391,445391
201326,201326
13780737,13780737
75159,75159
16685041,16685041
21947001,21947001
4214230,4214230
10877229,10877229
518729,518729
15354425,15354425
6333884,6333884
14874589,14874589
15109870,15109870
18546772,18546772
145718,145718
576109,576109
5461136,5461136
13427979,13427979
12564154,12564154
57171030,57171030
6999759,6999759
20221924,20221924
75169,75169
5072427,5072427
24399,24399
6008696,6008696
18405544,18405544
173100,173100
534107,534107
3260420,3260420
172143,172143
59079452,59079452
10898635,10898635
90659507,90659507
567393,567393
10197612,10197612
9547954,9547954
552085,552085
5367527,5367527
10942394,10942394
19883177,19883177
6914580,6914580
10011839,10011839
154590,154590
66617091,66617091
525500,525500
3083800,3083800
525390,525390
525503,525503
81827,81827
528855,528855
214813,214813
13273093,13273093
21993411,21993411
22242641,22242641
23069326,23069326
5248724,5248724
15194654,15194654
641523,641523
445391,445391
201326,201326
13780737,13780737
75159,75159
16685041,16685041
21947001,21947001
4214230,4214230
10877229,10877229
518729,518729
15354425,15354425
6333884,6333884
14874589,14874589
15109870,15109870
18546772,18546772
145718,145718
576109,576109
5461136,5461136
13427979,13427979
12564154,12564154
57171030,57171030
6999759,6999759
20221924,20221924
75169,75169
5072427,5072427
24399,24399
6008696,6008696
18405544,18405544
173100,173100
534107,534107
3260420,3260420
172143,172143
59079452,59079452
10898635,10898635
90659507,90659507
567393,567393
10197612,10197612
9547954,9547954
552085,552085
5367527,5367527
10942394,10942394
19883177,19883177
6914580,6914580
10011839,10011839
154590,154590
66617091,66617091
525500,525500
3083800,3083800
525390,525390
525503,525503
81827,81827
49866666,49866666
6999050,6999050
12454404,12454404
11389377,11389377
5366215,5366215
12346042,12346042
12471895,12471895
53955250,53955250
18424680,18424680
10975494,10975494
576109,576109
19432203,19432203
14785016,14785016
204804,204804
6392627,6392627
13113511,13113511
6295728,6295728
11804694,11804694
21656976,21656976
22395474,22395474
18362959,18362959
23233663,23233663
12545922,12545922
5475544,5475544
643940,643940
12484869,12484869
11228780,11228780
12529300,12529300
10197612,10197612
3041751,3041751
44808,44808
13628954,13628954
567578,567578
524226,524226
6437707,6437707
12103410,12103410
12869424,12869424
12677834,12677834
11513734,11513734
6993193,6993193
9942115,9942115
17803147,17803147
16219946,16219946
533409,533409
11018852,11018852
551171,551171
551172,551172
333626,333626
11159318,11159318
14642706,14642706
10898705,10898705
79152,79152
18991124,18991124
309247,309247
5326274,5326274
155513124,155513124
141583,141583
175673,175673
22026259,22026259
21993411,21993411
574844,574844
94634,94634
15706,15706
22242641,22242641
581980,581980
169745,169745
5252066,5252066
6993928,6993928
209217,209217
537979,537979
10920441,10920441
12421196,12421196
22602661,22602661
53628251,53628251
2724577,2724577
14642708,14642708
53439104,53439104
11789144,11789144
18380939,18380939
15354425,15354425
3736299,3736299
11686913,11686913
57171030,57171030
12311,12311
129730658,129730658
21612414,21612414
15001198,15001198
87828817,87828817
21516151,21516151
11228780,11228780
22238,22238
550687,550687
11094535,11094535
10011839,10011839
53438915,53438915
53728150,53728150
123167,123167
74499,74499
6328649,6328649
88194701,88194701
124204086,124204086
45051917,45051917
12827943,12827943
19367451,19367451
10873974,10873974
156614043,156614043
157180182,157180182
156594840,156594840
155528753,155528753
155557300,155557300
137699370,137699370
156595035,156595035
129660538,129660538
129652967,129652967
132647881,132647881
156614040,156614040
157049264,157049264
129719624,129719624
